#  z        dl        sig_dl
0.50309 2734.57601  158.76574
0.49480 2667.10430  144.52929
0.67767 4545.06397  430.41465
0.86650 5240.46711  419.63203
0.79857 5273.51275  423.49266
0.37144 2030.34575  116.42957
0.35582 1827.38477  106.43213
0.28360 1354.65904   64.14267
0.46640 3113.65149  227.59927
0.94688 5398.95863  408.32605
0.69315 4067.14822  457.93514
0.89693 5377.12336  412.24722
0.78904 4940.37596  263.62098
0.59027 3289.12213  252.39394
0.21075  952.77423   46.18873
0.85852 4728.68081  321.91289
0.55875 3040.60496  186.96710
0.99640 6164.95626  399.81270
0.58294 3301.94625  191.32626
0.79656 4177.24550  305.53744
0.91348 5318.51024  336.46709
0.94846 6072.25498  422.46882
0.73362 4165.04790  298.79408
0.76560 4694.72329  334.95414
0.98341 6540.33509  460.90919
0.70064 3979.60529  318.57648
0.83814 4796.22999  399.19224
0.37060 1896.79327  105.80059
0.35858 1745.54078   95.35394
0.52278 3032.70383  197.86570
0.70198 3911.10972  472.97257
0.74613 4084.32225  309.74597
0.59185 3151.95494  183.28854
0.62063 3566.81020  185.80891
1.00279 7344.46220  647.31013
0.61064 3509.37679  214.82208
0.35833 1753.39595   92.26992
0.45155 2153.67417  124.14659
0.55260 2799.17467  173.08851
0.75068 4004.97676  353.35081
0.82269 5213.38742  351.18811
0.95076 6123.92693  408.57561
0.34052 1734.84229   84.34167
0.81072 4633.40219  363.97844
0.61124 3961.32067  290.65628
0.54831 2682.37813  177.66538
1.02879 6248.56080  460.92565
0.42244 2095.80079  115.06684
0.70115 4283.01899  356.08292
0.68517 4157.19121  445.38301
0.93189 5748.96944  403.41904
0.74909 4093.64332  344.58099
0.46840 2491.78175  135.25817
0.95886 6476.34536  514.41916
0.84053 4948.91506  331.89087
0.56276 3151.80979  170.65011
0.82854 5365.00338  377.09300
0.57875 3126.00739  173.71658
0.86450 5294.92728  356.68086
0.85851 5480.75009  417.41508
0.58575 3663.36338  239.09681
0.48881 2648.86607  138.59969
0.68866 3738.00605  261.35794
0.32454 1617.07439   76.15830
0.18538  873.29304   41.85294
0.68196 3711.16275  253.66926
0.92223 5260.17266  413.82031
0.42866 2513.04346  149.78151
0.69998 4370.28742  433.38908
0.57584 3365.03821  214.58872
0.51176 2968.99865  159.31617
0.64191 3752.40754  286.73474
0.35157 1974.42208  103.30998
0.34957 1900.59683   96.86466
0.35527 1983.03327  103.21252
0.87217 5224.44306  320.52961
0.92624 6364.14403  320.54036
0.41957 2334.47915  130.05283
0.89073 4853.77902  314.89139
0.48057 2541.20675  134.72223
0.58060 3338.64313  247.27487
0.80569 4668.20587  334.35231
0.66464 3773.46217  280.00093
0.74566 4481.98089  315.23394
0.73669 4033.57373  259.91518
0.37053 1816.14283   94.48441
0.85073 5172.85137  310.69304
0.21946 1045.63473   49.26966
0.64764 3759.93208  279.34333
0.60060 3391.87626  241.45319
0.76070 4315.68760  298.07147
0.47057 2575.13499  144.82369
0.49737 2725.83774  166.04263
0.50736 2780.35339  160.46304
0.58728 3457.40296  223.82304
0.69915 4034.68840  290.55732
0.76108 4579.62587  338.23839
0.78805 4692.23765  298.57595
0.40547 2305.68514  117.29774
0.80804 5773.90987  434.68921
0.58328 3729.23713  222.52630
0.72013 4513.56811  401.96488
0.83699 5141.38351  337.93090
0.80603 5022.03806  424.92579
0.50074 2884.69565  180.63552
0.53378 2734.63898  209.71919
0.82212 4825.25201  411.72018
0.12531  554.21720   26.43346
0.44368 2316.48771  143.93482
0.68366 4353.31407  582.49214
0.72668 4265.89341  319.88092
0.40455 2183.98675  108.13901
0.69065 3986.02483  337.35821
0.57661 3153.11638  178.49079
0.72068 4219.78185  394.36284
0.55031 3045.29942  175.19285
0.84797 5153.47294  402.93382
0.43544 2105.47457  105.70619
0.30158 1508.30788   65.23483
0.58073 3586.82345  226.66687
0.34593 1875.21039   95.87313
0.33094 1609.08876   79.19148
0.44956 2557.34900  166.49828
0.29172 1394.53687   80.51527
0.46127 2376.23835  150.76674
0.63222 3820.58618  359.78334
0.26862 1216.85828   55.65615
0.92491 6285.21300  556.70256
0.62522 3483.61378  209.07319
0.60825 3352.27779  195.47789
0.57828 3143.83685  201.20672
0.71963 4121.44966  390.48848
0.76660 5005.06820  367.23977
0.36791 1990.26085   93.41317
0.84852 5204.15233  356.07919
0.77660 4664.87488  383.21019
0.58375 3189.48086  145.65877
0.58873 3237.20349  193.91182
0.76859 4915.41284  382.28301
0.51380 2988.75283  182.95274
0.63771 3341.95040  358.50352
0.43487 2303.88077  121.50368
0.58375 3489.07255  225.39112
0.66206 3978.78068  329.04807
0.62189 3405.33624  255.35145
0.41664 2254.65450  122.07495
0.45169 2101.50293  133.28702
0.73401 4567.83071  506.10345
0.74202 5041.38657  499.59178
0.34957 1577.61127   87.19773
0.51476 3073.90188  191.84621
0.64364 3728.29270  333.66199
0.47058 2401.09863  142.94352
0.26349 1205.11918   59.89291
0.74270 4310.32483  394.78399
0.91075 5919.97674  446.23121
0.33753 1708.99188   83.87208
0.98377 6832.97765  452.89208
0.81369 5050.68170  328.13082
0.81773 5231.42496  291.19948
0.96075 5817.28043  422.54759
0.75669 4549.14731  331.69189
0.87796 5424.12888  357.88918
0.80902 4915.75240  377.66782
0.62723 3409.41604  216.71203
0.93389 6354.18712  587.98178
0.69715 4041.38290  301.46360
0.76706 5333.10335  438.59511
0.86397 5361.05176  377.43257
0.51434 2802.14110  151.33061
0.47039 2951.88885  191.70924
0.92790 6394.10848  538.66361
0.63071 3402.82802  224.44346
0.61570 3658.05305  241.44606
0.56475 3219.73405  201.61514
0.55775 3161.40401  196.43365
0.73561 4611.58269  407.93244
0.26199 1206.89642   60.14800
0.76159 4417.22987  314.24028
0.85852 5739.18204  471.72673
0.55875 3725.80396  260.24737
0.48072 2509.97849  131.56374
0.92224 5812.32647  501.29776
0.47572 2449.28882  122.96752
0.89320 5829.34823  423.42415
0.63190 3036.26728  247.60526
0.73602 4525.74416  439.42478
0.41865 2124.46705  112.72660
0.53578 2797.11292  163.10514
0.73501 4659.61463  382.56345
0.60987 3621.92956  247.98696
0.70198 4147.05696  314.69465
0.98330 6400.14775  421.55085
0.75905 4582.89598  320.11524
0.64364 3723.05970  345.19755
0.51559 2849.24635  231.23834
0.80569 4495.52068  269.38985
0.80070 4116.32825  304.49452
0.71565 4157.09548  371.94178
0.76668 4967.52430  413.22033
0.90173 5656.65901  393.68457
0.71868 3871.06087  269.14546
0.57960 3059.00368  168.65456
0.96074 6484.10442  425.73676
0.64864 3608.52734  264.27194
0.93675 5550.60088  359.20325
0.46156 2526.56223  129.34910
0.67065 4045.66576  330.75947
0.24649 1208.11979   60.12550
0.63822 3531.91302  299.33104
0.53532 2909.97997  148.57633
0.77307 4844.06542  393.24486
0.37050 1907.69965   91.64700
0.69916 4244.14292  337.79847
0.37350 1872.27656   89.60030
0.85298 5140.90999  357.07979
0.60326 3694.96220  243.20145
0.53433 2719.31802  161.44955
0.40048 2004.56434  106.27210
0.37150 1951.05719   96.56069
0.83999 4519.18375  315.87309
0.53278 2896.00962  151.86475
0.93225 6177.31859  597.93411
0.55381 3211.88509  183.74077
0.84214 5190.62913  444.21134
0.72767 4204.74826  383.17749
0.44255 2424.20867  126.95634
0.28251 1461.90786   72.25097
0.51961 2868.99638  144.03911
1.06080 6129.99330  463.47341
0.26849 1257.33209   60.86626
0.25050 1216.91432   62.44090
0.69816 4059.56968  405.94179
0.73012 4014.94869  353.49090
0.99781 5921.61271  259.93026
0.40946 2188.76936  109.83763
0.12679  573.56151   31.60943
0.25577 1308.82023  109.59678
0.08859  379.04433   18.51504
0.11782  488.30368   22.28885
0.18356  810.99840   47.96329
0.14055  667.11392   35.75118
0.15171  643.66516   30.61075
0.09400  424.42406   20.10612
0.28631 1536.52631  106.44169
0.26318 1322.87863   87.10199
0.14167  644.68861   31.08999
0.16053  686.40431   36.54784
0.12290  535.74731   28.78516
0.12620  529.30988   27.54941
0.17331  759.78375   34.73317
0.16448  718.37300   35.83459
0.16018  683.23483   34.75839
0.24488 1055.91753   63.12896
0.24805 1112.62804   68.85121
0.27511 1330.91402   95.04860
0.33015 1723.53457  126.14436
0.33070 1643.50110  112.11120
0.16040  703.44476   35.49493
0.21861 1056.84184   65.39907
0.12005  529.26113   24.88970
0.17818  990.07934   58.64553
0.27900 1413.28581   86.34977
0.18562  884.56551   52.88453
0.06641  280.29800   14.64054
0.25769 1274.97010   83.88884
0.27946 1274.85268   82.09016
0.26550 1153.93142   69.14826
0.18478  841.49202   40.92963
0.05715  240.65229   11.88252
0.32601 1529.88927  103.16325
0.10902  483.52619   22.90595
0.20299  977.28223   62.20882
0.37949 1894.47989  121.72734
0.21198  972.36653   55.06587
0.21327 1015.28975   63.78643
0.14393  656.37193   34.16271
0.25218 1212.16014   89.86176
0.25641 1273.97234  102.62986
0.21860 1109.68573   86.12393
0.07883  361.35994   20.31429
0.08328  396.97211   21.21920
0.17008  793.92595   39.12801
0.23643 1060.01009   69.94047
0.30538 1336.78019  121.69725
0.08286  357.75029   17.38427
0.18905  777.64252   42.51622
0.08162  356.61532   17.12379
0.25626 1262.64133   93.89490
0.12631  584.85741   36.32661
0.10280  481.22702   31.98455
0.12440  556.77535   25.79894
0.37003 2198.51787  165.66747
0.20192  845.64873   44.69579
0.18004  969.37095   64.00467
0.16163  753.66787   45.09341
0.22644 1060.27861   68.85937
0.29649 1377.14605   91.72173
0.24999 1230.92049   75.43429
0.14864  681.75762   33.38007
0.14711  638.55749   30.39726
0.21490 1231.31735   84.10757
0.14462  648.81368   41.73351
0.13226  685.26729   42.07403
0.21950 1122.30268   69.57913
0.38447 2143.63086  147.56041
0.17420  830.27125   42.64016
0.17772  777.48139   43.83241
0.29911 1425.44347   85.41836
0.11870  549.22462   33.87307
0.17685  790.56940   38.59844
0.24526 1333.64426  115.60685
0.19590  911.27614   50.09523
0.24832 1173.03238   71.64361
0.30617 1604.75967  119.26222
0.24616 1206.09079   72.52384
0.13527  697.30054   36.45355
0.21028  950.69235   58.45817
0.23603 1204.86947   68.34368
0.17831  841.53077   43.95487
0.22043 1031.78688   73.40098
0.31468 1636.89190  118.52132
0.18460  912.74613   47.00193
0.26110 1232.31008   78.69802
0.18122  780.35102   37.86592
0.38003 1805.13630  125.21573
0.18460  846.31103   42.17753
0.20824  957.03980   53.22811
0.17746  826.51359   49.12832
0.31555 1560.84580  110.39102
0.24954 1212.04850   69.61621
0.20324  955.38848   52.60821
0.12347  541.95097   25.67369
0.20314  952.29170   52.78859
0.15352  749.06585   36.20982
0.33398 1725.75842  126.54558
0.19582  903.06706   47.87615
0.24943 1162.46531   77.34308
0.15490  716.17639   35.06527
0.15625  703.99569   40.84060
0.15819  650.68381   37.08849
0.30900 1630.34682  147.82209
0.24828 1189.10444   76.02097
0.18484  818.74752   46.57372
0.18353  894.29335   51.36537
0.18212  843.19884   53.46015
0.17675  807.40233   47.97375
0.17748  731.74540   40.83263
0.07180  283.41315   16.36973
0.13796  606.13589   29.24475
0.16941  877.06140   53.20344
0.24527  986.18865   66.79577
0.14406  650.62388   31.42117
0.25163 1249.56830   84.14558
0.03743  160.01474    8.59375
0.27716 1683.21658  159.32200
0.28712 1268.70310   87.12877
0.19845  937.62677   60.00846
0.16031  733.17897   43.56359
0.21053 1129.06774   78.39733
0.23753 1129.63984   68.47307
0.15499  756.01428   41.07257
0.09390  436.42538   30.04207
0.15253  736.39359   38.51422
0.25693 1272.97537   84.78367
0.21231 1023.59935   61.43252
0.24583 1063.87352   64.11914
0.13679  635.28705   32.40691
0.32529 1702.23690  141.83470
0.10643  465.66114   21.97384
0.40080 2047.24585  151.06242
0.18910  885.68645   53.17591
0.19731  865.04759   44.70507
0.12783  578.52216   35.17368
0.12291  547.07894   26.03001
0.12687  587.01608   28.02485
0.21311  966.65166   63.62476
0.21075  989.46401   57.85710
0.26826 1404.94719   98.84738
0.20431  961.32448   55.06045
0.26991 1279.91167   74.84049
0.24162 1112.11577   77.73250
0.29080 1250.83493   84.37491
0.35306 1634.36856  114.04771
0.28509 1480.64178  105.26417
0.21929  964.67273   68.15995
0.17537  793.46907   45.64743
0.23517 1118.35581   75.10372
0.15298  707.83169   35.73259
0.20982 1073.86577   78.34822
0.29121 1425.24656   98.53593
0.31353 1638.70206  112.80279
0.13672  628.11621   32.92352
0.29532 1600.14744  141.87787
0.30369 1410.10028   87.68145
0.20532  991.53945   61.70059
0.12175  522.69699   23.60595
0.17424  789.55066   40.16702
0.24862 1231.85616   79.40664
0.24530 1183.53199   76.89127
0.13816  660.54134   35.56628
0.24288 1136.55380   61.51086
0.24237 1221.54649   85.49380
0.31437 1325.43978   83.63817
0.27540 1379.43106   97.21099
0.30004 1361.69549   99.63023
0.21735 1068.53807   77.09822
0.20311  921.89190   53.31147
0.19005  853.53238   61.01486
0.29003 1331.31247   93.91197
0.22796 1039.60893   72.04206
0.31032 1386.59618  100.87733
0.13712  749.08310   39.38491
0.08798  385.40736   18.92349
0.08534  375.46547   18.27969
0.19024  954.37708   51.98105
0.09278  418.33095   21.00247
0.12891  586.09768   34.54095
0.26136 1211.60205   88.36942
0.26132 1384.13994  114.02311
0.19570  940.65420   55.99954
0.14723  657.58213   36.89107
0.21154 1199.41645  100.43563
0.17972  813.48584   42.43382
0.19070  974.00234   53.49859
0.33850 1614.13554  120.29358
0.11762  541.81372   26.44082
0.28854 1431.85816  108.09432
0.26377 1269.34595   91.76250
0.24931 1337.61152   86.80903
0.22939 1061.40224   62.13689
0.08575  372.90654   17.23619
0.27631 1496.54576  131.34783
0.36165 1926.99239  146.00571
0.30006 1496.47684  113.90306
0.11659  533.24894   25.44566
0.15474  654.95280   31.52465
0.25010 1287.18212   78.40786
0.25149 1235.37839   72.03734
0.12941  574.67195   28.45459
0.30894 1565.92155  122.10990
0.29859 1525.49223  114.74139
0.27057 1313.34855  102.23289
0.29318 1465.37912   96.99084
0.18988  877.02102   47.86877
0.12368  537.60092   25.30666
0.31262 1500.27199   98.78206
0.30880 1648.95954  117.91405
0.20244  934.39391   59.24206
0.21139  943.93046   55.47721
0.17870  852.11851   45.21436
0.30317 1676.48627  106.29189
0.21432 1033.57025   62.26897
0.32007 1545.68147   96.68157
0.21791 1087.32657   71.24202
0.07523  323.41488   15.17207
0.25740 1331.15921   91.96979
0.18446  837.41358   50.39336
0.11639  511.62293   24.00131
0.06481  266.26250   13.60083
0.10298  480.93900   22.81661
0.04437  171.72361    9.48755
0.16576  686.91025   38.45731
0.16799  725.20368   40.71811
0.17043  749.46266   49.20862
0.12029  567.55767   29.52706
0.13855  636.78086   38.36381
0.23353 1081.75771   76.08394
0.24615 1133.60042   76.46687
0.22259 1164.34049   82.91124
0.17893  805.71231   45.46111
0.19694  925.46500   49.74561
0.22889 1119.15438   73.99751
0.26419 1382.64281  106.03474
0.10340  468.15536   21.71418
0.21313  991.67645   56.29643
0.15680  689.92201   35.08270
0.24317 1258.25887   89.68599
0.23823 1257.82436   83.05038
0.20827  978.11518   59.42357
0.25085 1352.94456  103.38328
0.22510 1052.44643   62.80025
0.28707 1382.96121   91.05800
0.32944 1515.89807   99.81093
0.24575 1190.14534   67.15217
0.11981  603.07316   39.44412
0.32891 1958.97999  189.07826
0.21037  923.23019   51.15635
0.20284  993.07031   53.24231
0.28403 1287.18212   80.83865
0.18046  754.24076   36.70316
0.26043 1295.83588   90.78271
0.14774  657.74870   30.99271
0.32753 1625.66105  103.74340
0.24177 1315.34597   95.05761
0.22308 1086.80093   64.12436
0.18261  925.48631   58.65599
0.15286  708.72867   33.44382
0.13806  617.51854   29.13976
0.20710 1142.85202   97.77836
0.20291  951.32739   52.97613
0.19777  887.58509   52.73800
0.22230 1089.23102   69.83661
0.27307 1291.96277   86.31607
0.18628  901.63342   47.28103
0.15933  657.09778   31.90028
0.21911 1064.33906   61.81858
0.17354  883.56804   52.21444
0.24410 1101.66614   73.52623
0.13366  587.20534   27.31714
0.28313 1376.63878   86.20315
0.17365  823.53109   52.08042
0.19630  980.82155   61.84682
0.36924 2006.82730  132.41237
0.20562  918.67099   51.17877
0.17371  806.17625   47.02828
0.12672  569.11496   28.75614
0.28400 1395.72546   97.36284
0.19358  931.45097   58.39048
0.10036  437.93535   22.48092
0.37386 2046.16193   80.48627
0.11787  525.25476   27.49561
0.19190  904.27391   58.47780
0.23657 1129.45778   75.95332
0.15881  706.69172   40.52502
0.07877  399.50296   20.61844
0.13847  707.73390   43.46973
0.23359 1064.02051   75.32650
0.15670  716.06097   51.07227
0.08833  351.70618   18.81582
0.12995  644.56987   36.11653
0.18223  826.38038   48.05464
0.25654 1196.65787   81.60229
0.21651 1029.10574   64.58333
0.14519  678.78150   43.73928
0.13653  585.18071   29.78353
0.20493 1088.42874   78.60859
0.36939 1817.56520  130.43117
0.12924  592.12037   29.65946
0.26658 1307.52500   88.92162
0.27805 1340.66416   85.92650
0.17461  893.55235   54.20380
0.11376  473.60906   23.28691
0.11229  532.34110   25.15714
0.15333  658.38511   31.73534
0.19650  994.44324   63.41572
0.18914 1064.26554   63.16236
0.17708  881.75920   51.70140
0.21731 1014.33170   65.15120
0.18542  827.12281   48.87881
0.16382  715.71480   39.27878
0.25690 1316.40645  101.34920
0.12180  583.61978   36.14221
0.16514  739.28178   36.31573
0.19840  950.91128   57.68325
0.26828 1348.55915  101.02945
0.40078 1918.66874  119.12799
0.14566  609.00380   35.77869
0.05573  230.31912   11.57918
0.22425 1210.57026   85.56198
0.28622 1363.35828   97.86801
0.18365  913.12451   59.49177
0.10360  438.68219   21.32712
0.33096 1803.01774  158.24605
0.21840 1005.51835   65.53456
0.26327 1140.24979   79.51514
0.16267  793.70662   47.63524
0.10689  493.94660   23.78636
0.16503  736.17319   39.28258
0.10757  499.97697   25.02094
0.12913  564.49487   29.71872
0.05948  247.48564   14.39148
0.04093  182.20488    9.78968
0.01705   66.26588    5.59164
0.01531   58.81797    4.36987
0.01472   59.31438    4.07208
0.02673  110.71590    8.24346
0.01732   66.73597    4.87821
0.04437  156.37596   14.26490
0.01567   54.46782    3.86479
0.02477   95.90914    7.58939
0.03800  159.69084    9.69804
0.02990  125.38916    7.10377
0.01012   42.80456    3.90865
0.02580  121.04866    7.67189
0.01038   45.70040    4.31096
0.03791  146.89939   13.53914
0.03507  138.11155   10.67764
0.01268   54.91867    4.32554
0.02525  103.66449    6.34808
0.01908   83.30671    5.41608
0.03489  132.94439   10.20774
0.02950  131.44982    7.71051
0.03416  146.26149   10.52963
0.04067  161.64415    8.39089
0.07515  267.69484   15.38787
0.05581  197.89280   11.19771
0.02529  101.84038    6.59053
0.03501  151.92177    8.73640
0.02846  112.46568    6.94402
0.03280  150.71969    8.69504
0.03378  134.14979    8.66905
0.04597  202.50698    9.56066
0.04341  172.30187    9.59490
0.05684  249.29295   13.81337
0.02024   80.79044    4.73896
0.03191  147.37031    8.67151
0.04150  177.55790   10.29650
0.02639  108.79527    7.01054
0.02651  115.74174    6.65317
0.02689  105.94733    6.14872
0.02349   94.34524    5.81433
0.05067  231.44617   16.84345
0.04093  157.05074    9.38218
0.06877  304.52994   15.50646
0.01754   70.27810    4.34083
0.02557  105.23010    7.25096
0.02189   90.40033    5.75026
0.03155  119.00905    7.73722
0.06845  325.13970   18.68997
0.02249   92.03436    5.89659
0.04949  206.44768   11.92902
0.03161  133.26620    7.74953
0.03434  148.79557    8.56005
0.04486  195.47895   13.32106
0.01531   63.07685    4.43352
0.03048  126.06369    7.79231
0.03837  169.98868   12.96203
0.03682  159.99632    9.32601
0.02210  101.36780    6.39420
0.01402   60.20187    4.49071
0.05890  256.09435   13.44121
0.05895  253.59460   11.73313
0.06888  305.88628   21.28162
0.02040   98.02571    7.04350
0.02894  113.59782    6.88573
0.02384   97.78224    6.01264
0.01451   67.51651    5.21360
0.03292  138.16562    7.54123
0.06455  255.79379   13.38420
0.01663   71.24756    4.93070
0.05359  220.66833   14.62597
0.03163  124.14522    6.83030
0.02751  112.08823    6.66515
0.02559   91.25990    5.29212
0.02401  101.69275    5.91819
0.03713  145.24126    7.87391
0.03408  134.88076    7.73780
0.02454   93.32973    5.49382
0.01697   68.02523    4.79699
0.01629   76.80155    5.34690
0.03184  131.35603    7.33594
0.03700  158.40541    9.28435
0.02932  105.42898    7.07528
0.01740   80.01843    5.47319
0.03578  147.37031   11.95345
0.02845  114.70174    7.20623
0.05035  203.26378   15.29337
0.04269  172.44476    9.29308
0.03212  125.09213    8.24506
0.02752  115.71243    7.59751
0.03049  128.07076    8.37059
0.01724   68.52988    4.91149
0.07063  289.63431   16.39554
0.05344  236.81543   15.24899
0.02878  117.94241    6.60312
0.03518  136.29816    9.56437
0.03348  139.97162    9.82215
0.04651  193.36150   10.35349
0.06119  272.21998   14.92703
0.04714  191.66817   10.87197
0.02120   86.96009    5.75573
0.04028  163.72689    8.54802
0.03863  166.83609    9.79770
0.03314  134.41570    7.56254
0.02414   96.84339    5.75864
0.02837  117.72806    6.59112
0.01043   43.14793    3.98174
0.02038   86.27997    5.63720
0.04710  176.53873   11.76203
0.03984  155.41037    8.20330
0.01220   55.12137    4.41005
0.01271   50.84169    4.09575
0.01763   68.71950    4.94407
0.02171   89.20722    5.59425
0.01572   66.40947    5.93105
0.01972   80.40629    5.84600
0.01678   68.44946    5.02081
0.01226   55.39620    4.53283
0.05322  232.18278   13.69410
0.03055  106.62769   22.14247
0.03001  121.52342    6.73084
0.01506   59.41006    4.22641
0.01530   60.82750    4.07930
0.04713  192.12328   10.18543
0.03411  142.23288    7.52083
0.01520   57.15971    4.30459
0.01504   61.63537    4.23284
0.02763  125.00000    6.78809
0.03359  147.47215    7.20691
0.01447   60.00121    4.57523
0.02547  105.47511    6.03386
0.01082   44.84562    3.80998
0.01741   74.13102    5.11488
0.02031   81.49482    5.07869
0.04819  217.21009   12.18072
0.02223   84.79300    5.15730
0.02811  131.61337    7.56855
0.05458  218.98784   10.26814
0.05721  234.90378   11.83672
0.02091   83.78958    5.27959
0.01454   70.64314    5.38833
0.04310  175.93409    8.65862
0.03273  133.92449    7.43312
0.03399  131.90766    6.74703
0.01382   55.67625    3.94540
0.05092  215.80922   12.16677
0.01752   72.63735    4.90142
0.02482   95.49706    5.93150
0.02880  117.03884    7.33420
0.01568   63.35487    4.45014
0.02197   83.84748    5.54585
0.03426  139.32210    7.71665
0.01698   60.80510    4.36346
0.02752  125.08061    7.72579
0.03438  148.39525    8.27387
0.01318   57.70454    4.59413
0.01726   68.09575    4.73924
0.01209   44.24050    3.90019
0.05418  206.23387   10.81476
0.01970   87.27905    6.34368
0.01662   59.73653    4.04603
0.02398  103.46179    6.44527
0.03144  129.95410    7.22772
0.01291   48.75958    3.85391
0.03827  177.59470    9.82419
0.01532   69.13851    5.22420
0.02643  108.06125    7.09265
0.02020   71.54347    4.99731
0.03730  163.65150    8.67223
0.02348   96.05722    6.14770
0.01635   67.08416    4.69046
0.02275   90.56492    5.68356
0.23027 1129.17174   76.16813
0.38164 2266.47013  147.03841
0.25340 1170.28058   60.61406
0.15269  687.74905   36.69864
0.43673 2624.76242  171.49177
0.10242  479.43529   23.78316
0.37164 1885.77555   92.46122
0.46664 2549.41185  136.74247
0.19602  891.80520   44.77344
0.31156 1578.84683   78.72122
0.03220  139.44405    8.27898
0.10989  511.08131   28.44858
0.22562  987.64302   56.52237
0.26051 1246.03431   70.39171
0.22556 1053.36771   59.58025
0.44758 2343.20346  164.48220
0.44007 2635.78511  205.47671
0.33742 1577.93824  106.14890
0.52851 2620.83693  172.80459
0.57613 3141.81060  210.04917
0.38775 2127.25719  155.64356
0.36001 1719.92694  105.75848
0.34701 1615.25093  104.49263
0.43927 2307.96915  140.32268
0.34923 1665.32883   88.78609
0.43015 2284.96736  132.03060
0.50818 2546.00938  165.76000
0.28845 1401.26411   81.06503
0.17281  887.25816   53.45418
0.31774 1650.97311  115.66265
0.27509 1417.19627   90.21152
0.10293  427.37587   24.26168
0.20584  913.65030   66.34343
0.26460 1255.97212   80.35376
0.23466 1054.09560   94.74853
0.21434  992.68166   79.30640
0.42784 2864.37583  225.14392
0.40214 1998.57293  137.16086
0.32218 1443.94283   93.27748
0.45173 2481.36127  142.46436
0.16139  732.36908   40.53010
0.35161 1827.80558   97.49054
0.24900 1136.13516   60.62475
0.08223  359.65823   20.26004
0.10588  471.34619   21.74277
0.33293 1820.37138  120.52906
0.10227  457.74120   23.31842
0.29282 1405.78854   87.47809
0.13269  572.20283   26.19753
0.27088 1244.08485   68.76306
0.10044  463.59634   23.34978
0.35363 1901.77879  127.49588
0.42353 2343.14951  286.54211
0.30012 1556.57482   85.56898
0.14761  672.18683   35.18709
0.22853 1104.20574   65.58360
0.13880  652.24386   32.20540
0.14343  669.90003   33.37033
0.09201  437.46166   22.95026
0.15680  749.51443   43.30865
0.23851 1227.75016  139.73548
0.14949  759.11924   58.30419
0.50718 2810.21793  181.73185
0.25249 1234.55374   64.39797
0.28397 1297.95609   68.51230
0.23680 1133.65263   64.80011
0.34092 1688.76803  115.51021
0.26388 1155.57996   75.47449
0.34872 1876.03095  115.05490
0.32095 1559.44478   89.42589
0.13523  647.87318   36.28670
0.30666 1683.95313  126.19481
0.23362 1236.20359   91.04632
0.30078 1712.65545  134.41989
0.36783 1770.43505  100.66883
0.16940  796.30602   41.95947
0.07976  329.15465   15.63843
0.18060  845.82399   44.49078
0.18071  830.51982   62.83177
0.23086 1139.27876   80.68059
0.04582  203.47450   11.64944
0.22146 1016.38910   56.03741
0.20073  902.56814   87.90460
0.07550  335.42853   18.48573
0.02627  111.37046    6.98668
0.19141  726.10596   51.88905
0.17770  833.75797   42.37759
0.18542  906.60895   48.81558
0.34931 1802.39511  114.60679
0.27131 1293.86808   64.27382
0.29212 1216.38204   68.68856
0.37051 1617.63301   84.75305
0.09641  411.43383   28.03748
0.18058  803.60013   41.34444
0.27446 1332.53922   93.59955
0.24510 1264.09583   83.90115
0.36135 1704.66875  159.86070
0.23152 1082.35568   74.73010
0.14648  679.53214   34.72652
0.15948  770.92122   63.02782
0.41929 2196.13989  150.77034
0.31894 1524.71966  110.01308
0.51941 2787.34034  251.69859
0.15069  687.85991   34.85111
0.30249 1488.33262  108.48449
0.21073  994.78677   74.36566
0.23943  985.80269   67.11017
0.33180 1590.81618   87.96423
0.20072  988.48481   73.16608
0.36082 1916.10807  125.45582
0.24275 1312.68342   73.34065
0.22146 1033.59405   71.00635
0.12068  529.37082   46.71748
0.34160 1687.36874  131.54145
0.25051 1135.95205   68.88185
0.38054 1908.53443  114.89457
0.31079 1634.82022  104.25260
0.19940  849.88468   55.37158
0.24001 1171.33198   88.64240
0.50275 2686.39580  258.05016
0.37013 1862.38729  116.49136
0.27001 1328.89296   84.00909
0.26312 1343.38347   81.24351
0.26801 1244.37134   95.80327
0.30801 1739.20190   94.68723
0.25001 1334.62729   99.89352
0.28051 1335.79557   68.01782
0.31480 1701.45317   97.84361
0.32840 1890.51444  144.33029
0.32944 1767.58375   96.84303
0.25848 1196.21708   77.60519
0.22448  962.98606   68.24038
0.21079 1081.83244   61.33975
0.38734 2036.47930  173.76494
0.30642 1539.92653  105.89702
0.36491 1955.68993  128.18253
0.24880 1192.72411   87.67925
0.29880 1344.83809  101.74178
0.12365  581.86201   29.02501
0.33159 1598.74795  103.16730
0.38246 1937.26932  162.75666
0.24074 1191.87305   64.75180
0.17144  808.09050   64.44755
0.20880 1051.47754   78.04665
0.28960 1559.55250  118.45260
0.24599 1200.38345   67.39810
0.13659  634.29312   35.94972
0.15062  662.43001   35.40863
0.11870  505.27755   28.95172
0.24494 1149.76742   65.50940
0.35070 1747.67229   86.33388
0.61992 3521.11330  187.48295
0.21986 1038.22146   51.76567
0.09929  485.93704   24.54215
0.40996 2204.75329  208.63640
0.50276 2587.31913  248.11594
0.38171 2055.84326  135.40976
0.27989 1286.41176   67.34004
0.23071  999.28645   70.21439
0.42693 2300.80599  172.42153
0.55014 3004.83065  198.67679
0.32531 1751.98345  113.82221
0.35092 1780.28692  105.20602
0.32832 1755.86046  146.82844
0.45059 2188.06390  132.62941
0.06441  295.08695   14.74700
0.06559  270.71355   15.80454
0.31811 1630.49698   93.61301
0.14539  796.19602   63.22389
0.13947  639.70538   33.26579
0.42967 2517.85085  177.08956
0.21641  931.42952   49.57285
0.36616 1687.91277  143.12903
0.38083 1955.50981  124.47782
0.42086 2213.96117  165.65847
0.19958  938.31790   66.10334
0.51090 2594.89626  206.83096
0.42696 2364.72150  166.59172
0.31579 1725.20219  120.94240
0.57824 3206.56465  239.85565
0.48176 2840.01086  201.64500
0.39267 1939.59028  141.86800
0.17359  737.30979   36.77921
0.33059 1776.96961   94.36984
0.29948 1551.27931  115.32341
0.22943 1100.65193   71.53210
0.29291 1441.61735  113.41273
0.20861  930.22927   48.30927
0.27509 1280.50123   68.50514
0.30337 1526.33548   83.41452
0.35902 1946.12172  120.29469
0.36020 1675.09715  123.75658
0.34902 1763.31540   99.32999
0.63056 3261.21927  177.17477
0.32092 1794.07254  128.04290
0.51002 2626.33427  142.98531
0.36646 1783.77470  102.12570
0.13823  643.99130   30.78940
0.17920  910.64687   62.56007
0.17157  783.42964   41.80421
0.27047 1250.60454   71.54273
0.34688 1979.29260  230.92403
0.47942 2358.41376  158.92355
0.31894 1711.51220  108.00019
0.51879 2764.13977  193.26611
0.37990 1933.88213  116.33144
0.37089 1895.00343  230.21118
0.18152  880.64323   51.00725
0.22374 1000.48366   56.33558
0.14135  658.32447   40.10141
0.30567 1538.04839   85.11727
0.40471 1886.29668  133.49546
0.28578 1372.30296   85.83684
0.30156 1469.53522   91.34333
0.26388 1248.47543   74.49744
0.50091 2781.89030  251.52678
0.30525 1508.65522   78.45270
0.38598 2025.30297  117.53967
0.19860  952.44521   53.65255
0.09121  399.58576   20.30063
0.47796 2724.08089  206.90195
0.33159 1645.12916   88.46690
0.47175 2465.64189  170.35120
0.33081 1601.47440  115.03482
0.26088 1322.63497   86.65951
0.07141  303.03305   16.63758
0.18141  861.39035   63.20329
0.33829 1708.55908  118.83131
0.12211  530.55450   28.09072
0.25012 1182.22462   77.94985
0.16046  762.90419   58.68274
0.29843 1774.06693  131.10935
0.38887 1877.62993  121.89868
0.29245 1392.32301  105.75103
0.32841 1524.40372  121.08410
0.30549 1548.46003   94.89401
0.28546 1390.88108   89.36926
0.42886 2217.37936  150.23690
0.17967  883.48667   69.13808
0.18959  891.35355   65.89447
0.24849 1224.75720   82.95431
0.40927 2219.16707  194.66815
0.24146 1050.38860   62.96774
0.33748 1681.97680  128.79695
0.07060  352.26541   48.63547
0.34546 1745.25946  130.70869
0.33060 1767.70585  127.13816
0.05495  234.62268   12.58983
0.42359 2116.94707  138.94688
0.10720  488.64111   25.00507
0.28540 1245.37459   70.64125
0.32553 1713.36543  109.22197
0.33493 1581.79428   82.25605
0.29090 1291.78429   94.93159
0.44058 2161.52369  136.34712
0.24111 1169.79564   60.23872
0.46101 2512.29133  190.17947
0.11944  521.13471   29.88431
0.54539 3302.40247  222.38286
0.41155 2353.85659  139.75162
0.26848 1313.56026   87.33548
0.04976  209.19437   13.03200
0.41131 2324.55593  164.72573
0.07369  314.12319   22.65769
0.31841 1846.37538  179.31538
0.41930 1915.44638  134.10270
0.42028 2228.58909  239.27438
0.43885 2200.74640  194.47140
0.48040 2441.91195  193.73726
0.19980  961.05889   60.18013
0.30143 1631.06024  108.55799
0.29020 1374.80151   87.60787
0.30920 1470.78774   99.04243
0.29560 1569.71208   88.93015
0.33848 1685.27198  107.93565
0.37860 1963.85763  132.33608
0.08960  393.37794   21.17204
0.45070 2408.35221  171.66217
0.46040 2571.69819  174.42119
1.20600 9951.07501  1536.37752
1.33000 9347.16696  638.90728
1.54000 10750.7806  1043.09868
1.55000 11256.6717  962.56239
1.70000 11530.2838  1504.03237
1.80000 12308.9214  1065.58050
2.26000 16803.5096  1972.07468
1.91400 12083.1453  1424.21062
1.30000 8995.59719  740.62776
1.34000 8770.81600  659.30154
1.02000 6706.09961  511.81904
0.73500 3901.30586  240.79016
1.12000 7290.88083  553.76383
1.23000 8076.62651  712.58404
1.23000 8906.35496  700.87233
0.85400 5158.93433  509.81482
1.37000 8978.00825  670.74089
0.97520 6183.29547  398.29642
0.97000 7466.03463  900.12044
0.74000 4158.34004  241.42753
1.39000 8367.77512  775.65719
1.30500 7995.39639  865.42970
0.93500 5050.33283  385.68119
1.01400 6620.48796  698.61680
1.31500 9088.03519  831.74807
1.09200 5993.35496  728.92040
0.03351  105.65742   45.43625
0.12500  545.90868  464.34699
0.17000  493.56005  235.43593
0.25000  970.82287  619.06312
0.33990 1364.52030  600.94469
0.36000 3929.52449 1937.23199
0.41000 1449.37244  736.47530
0.41400 3683.49428 2063.40920
0.43400 1999.58560  907.23543
0.45000 2339.05266 1081.24618
0.49000  883.40530  385.20849
0.52950 3466.57021 1657.77610
0.54000  956.57714  407.86642
0.54200 1909.58942  858.43785
0.54300 2826.70183 1723.50754
0.54400 2555.75960 1091.66407
0.55000 3171.46556 1389.47505
0.60600 2176.50666  943.20216
0.61800 5633.26264 2793.64089
0.65280 2367.88169 1100.39669
0.67700 5631.96568 2550.92563
0.68900 5937.45047 2549.50769
0.69000 2864.70562 1224.60463
0.69500 4361.94314 2241.80625
0.70600 1801.10902  784.18897
0.71600 1215.73802  534.68074
0.71600 1808.67277  848.74481
0.73600 7561.36147 3240.71106
0.78000 1481.01685  665.08472
0.80000 2900.28048 1511.17530
0.80490 9788.58688 4241.08142
0.82000 3657.63193 1588.48164
0.83500 6828.10200 3426.91226
0.84200 3468.80591 1744.59553
0.84600 5922.15814 2535.60361
0.85900 4178.49609 2178.79924
0.89690 8144.41697 3750.82328
0.93700 3814.34525 1635.86599
0.94700 2694.75943 1283.66786
0.95800 3956.58044 1825.26212
0.96600 7080.43597 3122.35548
0.97100 3553.85742 1954.04104
1.00000 5149.43997 3174.08053
1.01000 5684.60117 3165.87190
1.02000 3081.76842 1428.19223
1.03000 5379.22859 2377.54994
1.06000 8098.78743 3750.59433
1.06300 8108.49027 3532.93241
1.08300 4272.47962 1918.50775
1.09200 4256.76818 1832.42017
1.09600 12587.51497 7377.07470
1.10000 6675.74901 3323.42087
1.11000 5518.74084 3243.68321
1.12000 4567.51519 1978.70149
1.15880 10138.18005 5108.68582
1.24000 6092.56260 2652.83715
1.25000 3699.47418 1791.66450
1.26200 4672.61501 2072.93210
1.29700 3052.95217 1329.61430
1.30000 3656.45304 1724.68321
1.31400 13284.95232 5834.51938
1.33100 3205.08831 1980.76202
1.35000 9201.95277 4024.15463
1.36800 9170.64749 3981.58908
1.40500 8773.64383 3817.50364
1.44000 4541.08886 2006.53820
1.44360 5789.48589 2701.65015
1.46000 6632.23643 3417.65821
1.48000 6295.35173 3091.59511
1.48000 5148.01733 2203.16231
1.48900 10061.90007 4833.79515
1.52000 3751.45723 1691.48971
1.54700 15305.93977 6672.47041
1.54700 6499.50078 2914.29589
1.56300 3599.15044 2818.12389
1.56700 5881.11945 2511.98653
1.60000 6840.69142 3338.61149
1.60400 20245.10344 8974.17603
1.60800 23692.99703 11318.73957
1.61300 8680.40523 3792.05573
1.61900 7424.03482 3234.86371
1.64000 10174.19366 4492.94052
1.69190 4536.69936 2166.20860
1.71000 13645.83137 6039.35874
1.72700 4487.24725 2012.35075
1.72800 7547.09818 3288.55893
1.77000 3933.50766 1712.10071
1.79800 8146.66766 3534.30577
1.80000 11925.59345 5211.80576
1.82200 8978.83519 3827.40898
1.85800 10811.84971 6142.50449
1.88360 17979.59894 10669.92560
1.90000 14357.53885 7490.77069
1.92290 8570.77314 4400.22274
1.95000 20034.56882 10045.33176
1.96850 8349.87550 3844.75656
1.98000 8148.16847 3835.76354
2.05000 23181.41810 14076.39233
2.07000 6107.45112 2633.58296
2.08580 8666.82445 6253.89193
2.08800 14881.95545 6740.71160
2.10600 18345.09647 8161.77546
2.10620 5606.08915 2388.82508
2.14000 9091.59330 4009.89177
2.14500 30301.21200 13745.08431
2.19900 19245.09237 9402.44057
2.20000 9670.30117 4147.24152
2.20450 23527.72850 10090.25463
2.22000 11162.97623 6172.10831
2.26000 5965.40591 2555.06282
2.27000 10134.44570 4368.77233
2.29600 12600.85459 6700.54838
2.30000 17467.87197 10025.74905
2.34600 23595.00100 12634.86240
2.43300 23626.53315 11936.01332
2.45200 29702.97844 15591.77031
2.48600 9241.44749 4020.44544
2.48800 10869.26056 4718.48445
2.51200 13109.31503 5644.92199
2.58000 7920.99976 3443.40089
2.59100 16791.13294 7415.76510
2.61500 15206.87584 7050.58535
2.65000 13505.16828 6236.52935
2.67100 11925.04427 5180.58707
2.69000 16605.80753 8874.25221
2.75200 12639.79412 6249.91446
2.77000 16568.37822 7098.72364
2.82100 21287.27154 9193.60029
2.83000 21614.24152 9260.43522
2.89300 33082.62789 16485.99139
2.89830 11501.64609 5449.01228
3.00000 16980.87246 8665.23960
3.03600 16220.34174 7166.14942
3.03800 9533.66747 5240.07151
3.07500 22384.11869 10706.65248
3.20000 14369.44518 7395.18904
3.22000 13114.14557 6042.00635
3.35000 33071.96503 14533.99855
3.36000 34942.98486 16274.67801
3.37000 30582.99403 17201.19905
3.42000 25620.05159 11753.54679
3.42400 26051.93584 12629.13655
3.50000 22731.07631 12894.24691
3.50000 11420.36541 5128.70954
3.53280 24865.66051 13073.74017
3.57000 14761.82322 6708.45038
3.60000 13357.34059 6721.24116